# oST version 5.0 parameters


[image]

width
640

height
480

[narrow_stereo]

camera matrix
545.094427 0.000000 316.361792
0.000000 545.502474 240.132851
0.000000 0.000000 1.000000

distortion
0.130702 -0.195953 0.001337 -0.000123 0.000000

rectification
1.000000 0.000000 0.000000
0.000000 1.000000 0.000000
0.000000 0.000000 1.000000

projection
556.260071 0.000000 315.784117 0.000000
0.000000 556.171570 240.172889 0.000000
0.000000 0.000000 1.000000 0.000000
